[speed]
6500
7000
7100
7120
7200
7500
7800
7910
8100
8500
8400
8200
8100
8000
8100
8050
7950
7000
8000
7900
8500
8100
8050
8150
8200
8175
8210
8220
8230
8240
8250
8280
9000
9100
9520
9600
9700
9780
9800
9900
10000
10010
10100
11000
12000
13000
14000
14500
14800
15000
13000
12000
11000
11500
10000
9999
9800
9850
9800
9700
9500
9200
9000
8900
8800
8975
9000
9500
9555
9575
9585
9595
9599
9600
9400
9300
9200
9000
8900
8800
8500
8300
8000
7975

[distance]
54600000

[o2]
550
654

[co2]
2
1.9

[passengers]
103 (55 men &amp; 58 women)

[rocketfuel]
227
226
225
224
220
199
180

[journeystarted]
Mar 18, 2018 15:00:00

[journeyended]
Feb 29, 2018 23:47:00
